1 21.544470652860266 67.43518142061335
2 98.48926961796295 23.72119644914764
3 81.31882275834087 101.12405090027208
4 56.59595300148162 160.36933510831182
5 60.23359131695359 160.78305681453625
6 55.01213018206208 158.48210313652345
7 54.949175164293074 158.0644041489657
8 57.85730738881681 161.45603606671233
9 54.32955256462861 161.5138526958936
10 55.24299202449771 158.2084244577768
11 55.984676335221046 157.60809668440248
12 55.89547267421566 155.2109199738355
13 55.18202629301862 158.83371486603548
14 58.201322924647826 160.0247280583087
15 57.46913439250194 155.3689280542454
16 56.27808477775487 155.50312282711045
17 59.238663140301725 159.65662075702735
18 54.798731677313064 161.8950966172122
19 52.55200927407873 162.8145246163822
20 51.45876301304255 159.8465687024376
21 52.601091846678024 160.21300946434494
22 53.60284517952124 165.27747944512126
23 54.05820870039557 160.87352747344426
24 54.39362981057875 158.31757436920847
25 58.05737479011738 160.64600743942617
26 60.97782885444616 160.82760969564617
27 54.84927300041309 161.6205470000437
28 55.37010411646227 159.77137405289122
29 60.24429812008694 163.7485507742226
30 58.65342099767232 162.9073840983967
31 59.48704890367131 158.53932867070682
32 39.90475796391807 125.61879665722353
33 36.07255066751085 125.79188836709187
34 43.486350472174784 127.29611825058983
35 42.578049790226856 127.35653148236428
36 39.65209270614467 127.91796544824199
37 36.306941028697594 125.6465992731059
38 38.63151838850034 129.2253129180915
39 39.98400464976714 127.2106970533692
40 37.1216461544459 128.66741198948645
41 42.52686276149032 124.82128941101699
42 42.03504340911655 128.4311443706068
43 41.53908825205274 129.4462903001979
44 37.7288673327722 125.7465825246139
45 42.19569771467643 126.16596348787336
46 36.57508587719583 125.29649028779635
47 37.13758497409348 121.99838814040515
48 37.70833836880145 121.94040358967517
49 37.09113085496393 127.4840501027624
50 33.826911072888116 126.09942068434049
51 38.79333324201408 128.24713169087644
52 35.85784276663196 126.65182955153045
53 39.031783441130074 123.07701307844553
54 41.22412609566132 125.76655085506194
55 40.02754416206313 126.94827090364542
56 40.304702455249874 123.03766400055356
57 36.18307086242519 121.07180727401226
58 36.8505919259547 125.7763780861216
59 41.28091989337937 125.64947535478215
60 36.424797233753196 127.44729397264663
61 34.985926224518366 124.84373979333355
62 36.641540069569224 131.07306292979374
63 34.29797168775083 125.80935107982688
64 36.53276825845214 125.74045745323461
65 33.88193713112635 125.29648061924561
66 37.09749038634221 126.16038700450679
67 37.775054405884845 123.6072842853066
68 37.838676394232316 122.0758912235083
69 34.543372368833225 125.65790239340582
70 34.4455481159203 125.40114163070119
71 37.00580819319835 120.12922750772688
72 38.96395831033029 126.98374312612522
73 41.1066931252259 122.79514459423899
74 116.03540440781377 142.58655495644786
75 113.8705210157002 140.43446729449641
76 114.2598584612082 142.99443071076345
77 113.82943856310382 142.0791405185761
78 112.66283581663502 143.71866749002373
79 119.80142662024909 142.1575020222877
80 112.13329918556656 141.96591007886556
81 117.30973392662021 140.47500835016848
82 117.00927259582475 144.4541079093072
83 119.26904220709659 143.34125287337432
84 119.33648318256954 142.91006317451334
85 119.17464420916254 142.9893862491073
86 117.13939431988388 138.17560129714573
87 116.8162497573987 137.8072505849353
88 116.87289159843539 141.74878627011327
89 113.30821534029856 140.6615212685321
90 115.86504814765499 138.86325359374638
91 116.80011990065368 141.00831293307098
92 115.7950676245386 141.23680660577062
93 115.57870488085108 140.19095005317845
94 117.03486297658439 142.3571494614574
95 112.73223845839085 142.10282325068647
96 109.99434216854428 143.9256179415854
97 115.56559776064373 140.76367941255384
98 113.62475293049495 145.36932395448827
99 110.32863469932543 140.75282632278694
100 111.66418155461804 143.08283035805297
101 114.80608943660167 142.21752785969966
102 158.5636204640581 44.94690747640113
103 158.11814111588657 46.89504737658858
104 158.45166289327904 45.00699321892269
105 159.78241339751995 42.72497933642757
106 159.68445095808724 47.513480527423575
107 159.0962204133406 45.06651477809077
108 161.49237379435635 43.677552899590935
109 159.28857764727977 47.447751090301566
110 156.64996004742812 46.567058760358464
111 158.81295872921817 50.18976954114744
112 158.03948819617915 46.71737494827089
113 158.33539378702378 49.925101605797266
114 161.9480172600376 46.03335622651046
115 162.0483765078408 45.66949694510565
116 158.67470525757682 41.72734307448399
117 157.3350094214155 38.54356716647094
118 159.02892136502834 41.51733885769353
119 160.46564646229925 42.25996563438109
120 156.5592013634987 43.51067999922009
121 156.59841991041117 42.21689553850702
122 156.71963736714687 45.096582903440066
123 137.155145804675 83.29098517859535
124 137.36681495439385 86.53281463281373
125 134.55977552980886 84.84218176784111
126 135.590151615744 80.41762439308836
127 139.1364264396534 83.2769460163007
128 134.40014097719532 82.00794017678093
129 135.11584801176153 81.3308771330752
130 134.30828767754548 82.64151835470498
131 134.72826284278923 81.54758982671196
132 131.27900108281415 84.27274986403386
133 131.83977822504698 81.40887898644769
134 134.748813689469 86.41601453820994
135 132.02069232968813 84.42072855262701
136 132.73905186727205 79.82107333709774
137 135.61429934786943 80.80847374250219
138 138.0597442793871 78.5817656655336
139 137.08264775051254 77.1870529427828
140 138.55450611012552 81.15170140492496
141 137.87123100912686 81.46155847677551
142 134.5347394618995 80.14601244173872
143 131.85940494606982 80.05415394923256
144 138.17785663895373 84.1684936112815
145 140.15294734517968 86.51299378870479
146 140.72578136766845 86.95853828921129
147 139.62911004837397 85.30610430403178
148 139.83717640713388 83.04533523567225
149 138.9637038495919 88.08395598949473
150 137.38345692525974 84.05220993562672
